16476 16508
219028113 235207
27028024.292000003 257552490.01199999
4681364.199 32387718.125000004
2395183.9359599999 545236.36199999996
3059070.7550000004 3917962.3546999996
187234.16679999998 3393100.719356
27461414.461140003 3647020.6388589996
32350567.051390003 35686571.721486002
3097435.9092399999 39177534.825090006
6553837968.3902788 23332921.568484001
165943977801.79913 7689281096.4691162
190633571.50491703 194636048393.74368
5537080981.9914007 75796887.729159996
177974921.74697077 2007280171.0954192
711897891.71713459 1082579576.1421399
41412171.774130285 292056322.28086072
405447765.75882226 2312921519.5656981
62506681.432604089 17666007.032464713
1745576147.0369132 230776070.78692183
591627709.84246981 4138626235.7005258
10326528678.907755 9711286.0999608766
13537816507.419666 60466898.643526174
1706640983.2970746 25425672.956311785
191977000.87283841 201013758.1046986
407078215.15697545 31689557.913913634
4261071451.7832355 19906462.96659923
11420833656.024841 43602303.646772705
4147438182.0400271 1973633374.6162906
103309365356.57101 279448794.34785402
135018206808.98604 34870906.909617081
1002948602.7110479 61915542.437830962
1397057428.3360147 260978078.69042003
268812689.75776517 63342295.513339646
1605286571.7802315 208840840.1129092
423360479.54499847 4140369169.0208378
9776661075.5724201 63873489.711257391
126231242.40847309 71295125.45465596
372505643.13483095 16820441.470738482
173543326.16773149 17364870.452297758
38110619.738589406 172557596.66137081
390046760.61315638 3856078417.6363988
44165562.006067082 4902742.0873738546
109704485.06548651 42611638.312490761
14556428.062573208 2009500.7622457801
981845821.36603665 1225954.8939062541
1490360400.2982571 1846345.7141940603
188086502.816488 2213968.7508902699
5507093.4260377437 15203131.542626811
18912544.688201781 22971278.815579649
38571165.512291662 31456722.882736947
12529817.931896642 70354694.620613158
97867332.29451853 5849949.7365582045
13732853.09547 481285.30769000005
932210.40617000009 520087.10998999997
1727840.9763860004 2028266.4998699999
534281.89037999988 1236802.976946
4611298.7400660012 40757525.334700003
540783.99469999992 5360167.533805999
14253.284383999999 45900.692122
-401729.26331800007 242046.69544800004
-248869.10532040001 459323.41556160001
-792831.64580699999 370939.20655499998
