16476.000003814697 16507.999979972839
219028112.99999046 235207.00000286102
27028024.292003155 257552490.01199055
4681364.198990345 32387718.124987364
2395183.9359493256 545236.36201095581
3059070.7549953461 3917962.3547153994
187234.16679096222 3393100.7193543613
27461414.461129159 3647020.6388577409
32350567.051394328 35686571.721463501
3097435.9092343748 39177534.825129032
6553837968.390274 23332921.568483118
165943977801.79922 7689281096.469121
190633571.50486517 194636048393.74371
5537080981.9914055 75796887.729120791
177974921.74698067 2007280171.0954075
711897891.7171452 1082579576.1421328
41412171.774135597 292056322.28089237
405447765.75881106 2312921519.5656786
62506681.432600498 17666007.032461181
1745576147.0368972 230776070.786946
591627709.84245503 4138626235.7005272
10326528678.907753 9711286.0999610163
13537816507.41967 60466898.643529207
1706640983.2970738 25425672.956324089
191977000.87284857 201013758.10471779
407078215.15695751 31689557.913917173
4261071451.7832346 19906462.966587558
11420833656.024841 43602303.646808513
4147438182.040019 1973633374.6163025
103309365356.57108 279448794.34785843
135018206808.98605 34870906.909620441
1002948602.7110441 61915542.437807351
1397057428.3360291 260978078.69041348
268812689.75777245 63342295.513316154
1605286571.7802472 208840840.11292267
423360479.54499865 4140369169.0208273
9776661075.5724201 63873489.711250305
126231242.40847969 71295125.454654753
372505643.13483143 16820441.470742911
173543326.16772488 17364870.452282805
38110619.738602772 172557596.66136235
390046760.61316121 3856078417.6364007
44165562.006071091 4902742.0873842277
109704485.06546021 42611638.312504768
14556428.06257391 2009500.76222229
981845821.36603928 1225954.8939080909
1490360400.2982769 1846345.7142124176
188086502.81647986 2213968.7508833408
5507093.426040642 15203131.542611122
18912544.688189447 22971278.815571785
38571165.5122962 31456722.882727638
12529817.93189764 70354694.620617688
97867332.294530749 5849949.7365570068
13732853.095459938 481285.30769098829
932210.40616512299 520087.10999884829
1727840.976369977 2028266.4998728968
534281.89037698507 1236802.9769377261
4611298.7400595248 40757525.334697142
540783.99469470978 5360167.5338046923
14253.284408569336 45900.69211255759
-401729.26329517365 242046.69544994831
-248869.10537719727 459323.41556799412
-792831.64588165283 370939.20655330271
