3321019.8525299993 1997.08363231
-1222413.9956999603 -2996589.5639167167
-2342479.9424137189 2314346.2691640509
2946144.3711746032 1265242.2695797703
56484.531889476086 -3242966.5339642651
-2931422.6000068267 1132504.4143726218
2190698.8604873805 2310352.511310386
1288572.7938282343 -2808860.2108834814
-3120694.6321 -119001.78186231181
1040669.3512191145 2861091.6421454875
2278144.2892173012 -2088149.5614179475
-2730016.19580174 -1279713.3872321269
-112444.135319209 3064625.502852818
2817773.0742505477 -1059341.3463933882
-2112141.9526164848 -2210780.9583327724
-1180148.3190344332 2760257.6538781617
3062033.9738700008 -523.04656768641382
-1179827.9563549787 -2762355.9237668631
-2111274.5508295535 2210341.915521692
2818656.9215542283 1057981.1414001882
-111159.71495409567 -3064553.1416357355
-2729567.0992796212 1278770.6667363909
2278963.7764212266 2088481.9519676613
1040954.5184618395 -2861712.5930921738
-3119727.1943000001 118914.724797673
1289332.5647936556 2807844.6456059581
2191865.2760259793 -2310450.6512677856
-2929697.7122476595 -1132991.4046993151
58183.318383808219 3244133.216747182
2948351.6210780651 -1264917.5187834657
-2341295.7562921098 -2311709.5329452846
-1221601.3379350835 2997859.5470489617
